FallRate = 18
MinYCam = 5
TextX = 2
CoolDown = 20
WalkCoolDown = 15
TextY = 6
TextZoom = 2.0067598819732666
MapZ = 26.425764083862305
MinXCam = 9
